[109  63 114 126 132  35  24  98  26 112  60 100  43   5  66   6  67  44
 108 104  80][111 108  36  14  59  17  92  26  89 127  84 117 112  88 120  49  18  51
 131 125  41][134   3  61  50  68  94  34 107 125  29  64 105  47 124 102  35  92 100
 117   6  73][119 121   5 102  32  84  83  12  47  19  16 126 113 131 134  11 122 133
  53  62  76][106  47  13   9 122   1 105  55 109  63  74   8  91  45  59  84  30 114
 130  22  83][ 35  21  32  52  20  57  56  83 102  37  58  76  13   0  22  97 108  87
 104 115  93][124  15  83 134  16  73  69  50 114   0  22  34 112  10 106  20  44  33
 115  19  82][134  69  50 132 113  99   5  98  62  18  80 112  39  46 124  12  15  44
  45  10  11][102  79  73   3  14  40 111  26  55  57 103  80  70 108  20  22 134  13
  42  82 114][ 57  40 134 105  56   4  88 132  22  94   1  89 114  10  39 101 106  83
 125  67  44]